10
10
0 0
9 9
10.0669 11.3865 1.11889 1.9094 0.0467891 11.9075 8.01541 14.3942 0.832152 0.82067 
8.38629 10.7352 2.09461 0.132622 0.341231 0.834143 1.2223 0.171816 0.896675 2.15005 
0.828362 0.291576 0.25326 1.58544 0.397789 0.850994 0.0837199 0.921316 0.639978 0.319932 
9.53145 12.8919 1.59166 1.72285 0.566564 13.317 9.02997 15.2622 3.40787 2.33573 
9.83548 10.2599 5.0636 1.91256 2.3791 1.35726 1.86598 0.546607 2.84512 2.98604 
2.30056 1.87533 1.06458 1.17533 1.786 1.13718 1.18133 1.73983 4.39531 1.87453 
9.29441 12.5641 1.82846 3.55922 2.22047 11.3671 9.20982 13.5773 6.20829 3.72252 
8.97191 10.5996 4.04157 3.70468 3.56422 1.92822 4.35563 3.01847 3.75983 3.68428 
2.26772 3.52381 4.7571 1.6621 3.62108 2.41954 2.29643 3.32479 3.59285 4.43475 
11.8592 13.3519 2.05404 5.59375 3.04966 10.0188 11.146 13.9519 5.50869 6.27017 
2 1 3 1 1 1 2 0 2 1 2 2 2 0 2 2 2 1 3 3 1 1 3 3 3 3 3 3 1 2 2 1 3 1 2 2 2 2 2 2 2 0 0 3 0 2 0 2 1 1 1 1 
