10
0 0
9 9
220
9.9601 12.5447 8.48065 13.6988 0.98831 19.8189 1.96849 14.354 8.69069 8.90107 
2.95451 28.5157 17.2354 2.01487 11.311 8.83724 17.1967 1.08321 11.2787 16.5097 
8.00985 3.86083 3.18484 11.1856 7.35601 7.88407 1.00629 9.05311 7.47366 7.51729 
4.89221 19.0691 6.87627 6.29951 3.60638 4.96374 18.4494 18.0128 18.4451 8.37869 
27.6463 5.87416 16.1076 16.5233 9.55732 2.92597 6.18929 6.56101 8.30928 6.47988 
8.80076 18.2583 8.13652 11.0666 17.09 1.95795 15.0399 10.734 26.3156 17.7764 
9.56624 19.3356 4.33355 15.6448 17.3394 5.90223 16.8151 18.7993 24.9022 19.2475 
3.95665 11.12 5.12837 17.1464 9.69696 16.6245 21.32 18.4613 20.0213 12.7382 
12.0943 15.3583 25.1308 1.08998 12.8442 15.5312 10.2966 3.81444 8.64032 13.6111 
21.656 12.8862 10.4101 14.0586 6.08916 1.01257 11.4908 12.0502 14.7889 20.2712 
2 1 2 0 2 1 1 3 3 1 3 1 1 2 1 1 1 2 1 2 2 0 2 0 2 2 2 0 0 2 1 1 1 3 1 2 
